-50 5 0
-50 4.79592 0.0204082
-50 4.59184 0.0408163
-50 4.38776 0.0612245
-50 4.18367 0.0816327
-50 3.97959 0.102041
-50 3.77551 0.122449
-50 3.57143 0.142857
-50 3.36735 0.163265
-50 3.16327 0.183673
-50 2.95918 0.204082
-50 2.7551 0.22449
-50 2.55102 0.244898
-50 2.34694 0.265306
-50 2.14286 0.285714
-50 1.93878 0.306122
-50 1.73469 0.326531
-50 1.53061 0.346939
-50 1.32653 0.367347
-50 1.12245 0.387755
-50 0.918367 0.408163
-50 0.714286 0.428571
-50 0.510204 0.44898
-50 0.306122 0.469388
-50 0.102041 0.489796
-50 -0.102041 0.510204
-50 -0.306122 0.530612
-50 -0.510204 0.55102
-50 -0.714286 0.571429
-50 -0.918367 0.591837
-50 -1.12245 0.612245
-50 -1.32653 0.632653
-50 -1.53061 0.653061
-50 -1.73469 0.673469
-50 -1.93878 0.693878
-50 -2.14286 0.714286
-50 -2.34694 0.734694
-50 -2.55102 0.755102
-50 -2.7551 0.77551
-50 -2.95918 0.795918
-50 -3.16327 0.816327
-50 -3.36735 0.836735
-50 -3.57143 0.857143
-50 -3.77551 0.877551
-50 -3.97959 0.897959
-50 -4.18367 0.918367
-50 -4.38776 0.938776
-50 -4.59184 0.959184
-50 -4.79592 0.979592
-50 -5 1
-50 -5 1
-49.9948 -5.1607 1
-49.9794 -5.32022 1
-49.9539 -5.4781 1
-49.9183 -5.63386 1
-49.8729 -5.78701 1
-49.8177 -5.93709 1
-49.753 -6.08361 1
-49.6787 -6.2261 1
-49.5953 -6.36368 1
-49.5036 -6.49519 1
-49.4039 -6.62028 1
-49.2965 -6.73859 1
-49.1818 -6.84976 1
-49.0601 -6.95347 1
-48.9319 -7.04934 1
-48.7973 -7.13704 1
-48.6572 -7.21608 1
-48.5126 -7.28573 1
-48.3643 -7.34583 1
-48.2127 -7.39626 1
-48.0582 -7.43688 1
-47.9014 -7.46757 1
-47.7426 -7.4882 1
-47.5825 -7.49864 1
-47.4215 -7.49877 1
-47.2613 -7.48858 1
-47.1026 -7.46821 1
-46.9457 -7.43777 1
-46.7911 -7.39739 1
-46.6394 -7.34721 1
-46.491 -7.28734 1
-46.3464 -7.21792 1
-46.2061 -7.13911 1
-46.0714 -7.05162 1
-45.943 -6.95595 1
-45.8212 -6.85244 1
-45.7063 -6.74144 1
-45.5987 -6.62331 1
-45.4988 -6.49838 1
-45.4069 -6.36702 1
-45.3233 -6.22957 1
-45.2488 -6.0872 1
-45.1838 -5.94078 1
-45.1284 -5.79079 1
-45.0827 -5.63771 1
-45.0469 -5.48201 1
-45.0211 -5.32417 1
-45.0054 -5.16467 1
-45 -5.00398 1
-45 -5 1
-45 -4.79592 1.02041
-45 -4.59184 1.04082
-45 -4.38776 1.06122
-45 -4.18367 1.08163
-45 -3.97959 1.10204
-45 -3.77551 1.12245
-45 -3.57143 1.14286
-45 -3.36735 1.16327
-45 -3.16327 1.18367
-45 -2.95918 1.20408
-45 -2.7551 1.22449
-45 -2.55102 1.2449
-45 -2.34694 1.26531
-45 -2.14286 1.28571
-45 -1.93878 1.30612
-45 -1.73469 1.32653
-45 -1.53061 1.34694
-45 -1.32653 1.36735
-45 -1.12245 1.38776
-45 -0.918367 1.40816
-45 -0.714286 1.42857
-45 -0.510204 1.44898
-45 -0.306122 1.46939
-45 -0.102041 1.4898
-45 0.102041 1.5102
-45 0.306122 1.53061
-45 0.510204 1.55102
-45 0.714286 1.57143
-45 0.918367 1.59184
-45 1.12245 1.61224
-45 1.32653 1.63265
-45 1.53061 1.65306
-45 1.73469 1.67347
-45 1.93878 1.69388
-45 2.14286 1.71429
-45 2.34694 1.73469
-45 2.55102 1.7551
-45 2.7551 1.77551
-45 2.95918 1.79592
-45 3.16327 1.81633
-45 3.36735 1.83673
-45 3.57143 1.85714
-45 3.77551 1.87755
-45 3.97959 1.89796
-45 4.18367 1.91837
-45 4.38776 1.93878
-45 4.59184 1.95918
-45 4.79592 1.97959
-45 5 2
-45 5 2
-45.0052 5.1607 2
-45.0206 5.32022 2
-45.0461 5.4781 2
-45.0817 5.63386 2
-45.1271 5.78701 2
-45.1823 5.93709 2
-45.247 6.08361 2
-45.3213 6.2261 2
-45.4047 6.36368 2
-45.4964 6.49519 2
-45.5961 6.62028 2
-45.7035 6.73859 2
-45.8182 6.84976 2
-45.9399 6.95347 2
-46.0681 7.04934 2
-46.2027 7.13704 2
-46.3428 7.21608 2
-46.4874 7.28573 2
-46.6357 7.34583 2
-46.7873 7.39626 2
-46.9418 7.43688 2
-47.0986 7.46757 2
-47.2574 7.4882 2
-47.4175 7.49864 2
-47.5785 7.49877 2
-47.7387 7.48858 2
-47.8974 7.46821 2
-48.0543 7.43777 2
-48.2089 7.39739 2
-48.3606 7.34721 2
-48.509 7.28734 2
-48.6536 7.21792 2
-48.7939 7.13911 2
-48.9286 7.05162 2
-49.057 6.95595 2
-49.1788 6.85244 2
-49.2937 6.74144 2
-49.4013 6.62331 2
-49.5012 6.49838 2
-49.5931 6.36702 2
-49.6767 6.22957 2
-49.7512 6.0872 2
-49.8162 5.94078 2
-49.8716 5.79079 2
-49.9173 5.63771 2
-49.9531 5.48201 2
-49.9789 5.32417 2
-49.9946 5.16467 2
-50 5.00398 2
